(kicad_pcb (version 20171130) (host pcbnew 5.1.4+dfsg1-1~bpo10+1)

  (general
    (thickness 1.6)
    (drawings 18)
    (tracks 149)
    (zones 0)
    (modules 24)
    (nets 61)
  )

  (page A4)
  (layers
    (0 F.Cu signal)
    (31 B.Cu signal)
    (32 B.Adhes user)
    (33 F.Adhes user)
    (34 B.Paste user)
    (35 F.Paste user)
    (36 B.SilkS user)
    (37 F.SilkS user)
    (38 B.Mask user)
    (39 F.Mask user)
    (40 Dwgs.User user)
    (41 Cmts.User user)
    (42 Eco1.User user)
    (43 Eco2.User user)
    (44 Edge.Cuts user)
    (45 Margin user)
    (46 B.CrtYd user)
    (47 F.CrtYd user)
    (48 B.Fab user)
    (49 F.Fab user)
  )

  (setup
    (last_trace_width 0.508)
    (user_trace_width 0.254)
    (user_trace_width 0.508)
    (trace_clearance 0.2)
    (zone_clearance 0.508)
    (zone_45_only no)
    (trace_min 0.2)
    (via_size 0.8)
    (via_drill 0.4)
    (via_min_size 0.4)
    (via_min_drill 0.3)
    (user_via 0.6 0.3)
    (uvia_size 0.3)
    (uvia_drill 0.1)
    (uvias_allowed no)
    (uvia_min_size 0.2)
    (uvia_min_drill 0.1)
    (edge_width 0.1)
    (segment_width 0.2)
    (pcb_text_width 0.3)
    (pcb_text_size 1.5 1.5)
    (mod_edge_width 0.15)
    (mod_text_size 1 1)
    (mod_text_width 0.15)
    (pad_size 1.524 1.524)
    (pad_drill 0.762)
    (pad_to_mask_clearance 0)
    (aux_axis_origin 0 0)
    (grid_origin 90 80)
    (visible_elements 7FFDFFFF)
    (pcbplotparams
      (layerselection 0x010fc_ffffffff)
      (usegerberextensions false)
      (usegerberattributes false)
      (usegerberadvancedattributes false)
      (creategerberjobfile false)
      (excludeedgelayer true)
      (linewidth 0.100000)
      (plotframeref false)
      (viasonmask false)
      (mode 1)
      (useauxorigin false)
      (hpglpennumber 1)
      (hpglpenspeed 20)
      (hpglpendiameter 15.000000)
      (psnegative false)
      (psa4output false)
      (plotreference true)
      (plotvalue true)
      (plotinvisibletext false)
      (padsonsilk false)
      (subtractmaskfromsilk false)
      (outputformat 1)
      (mirror false)
      (drillshape 1)
      (scaleselection 1)
      (outputdirectory ""))
  )

  (net 0 "")
  (net 1 GND)
  (net 2 "/I2C Water Sensor/RESET")
  (net 3 "/I2C Water Sensor/MOSI")
  (net 4 "/I2C Water Sensor/SCK")
  (net 5 +3V3)
  (net 6 "/I2C Water Sensor/MISO")
  (net 7 /NodeMCU/D0)
  (net 8 /NodeMCU/D3)
  (net 9 /NodeMCU/D4)
  (net 10 /NodeMCU/D5)
  (net 11 /NodeMCU/D6)
  (net 12 /NodeMCU/D7)
  (net 13 /NodeMCU/D8)
  (net 14 /NodeMCU/RX)
  (net 15 /NodeMCU/TX)
  (net 16 /NodeMCU/A0)
  (net 17 "Net-(J3-Pad14)")
  (net 18 "Net-(J3-Pad13)")
  (net 19 /NodeMCU/SD3)
  (net 20 /NodeMCU/SD2)
  (net 21 /NodeMCU/SD1)
  (net 22 /NodeMCU/CMD)
  (net 23 /NodeMCU/SD0)
  (net 24 /NodeMCU/CLK)
  (net 25 /NodeMCU/EN)
  (net 26 /NodeMCU/RST)
  (net 27 /NodeMCU/VIN)
  (net 28 "Net-(U1-Pad8)")
  (net 29 "Net-(U1-Pad7)")
  (net 30 "Net-(U1-Pad6)")
  (net 31 "Net-(U1-Pad5)")
  (net 32 "Net-(U1-Pad4)")
  (net 33 "Net-(U1-Pad3)")
  (net 34 "Net-(U1-Pad2)")
  (net 35 "Net-(U1-Pad1)")
  (net 36 "Net-(U2-Pad32)")
  (net 37 "/I2C Water Sensor/TXD")
  (net 38 "/I2C Water Sensor/RXD")
  (net 39 "Net-(U2-Pad26)")
  (net 40 "Net-(U2-Pad25)")
  (net 41 "Net-(U2-Pad24)")
  (net 42 "Net-(U2-Pad23)")
  (net 43 "Net-(U2-Pad22)")
  (net 44 "Net-(U2-Pad20)")
  (net 45 "Net-(U2-Pad19)")
  (net 46 "Net-(U2-Pad14)")
  (net 47 "Net-(U2-Pad13)")
  (net 48 "Net-(U2-Pad12)")
  (net 49 "Net-(U2-Pad11)")
  (net 50 "Net-(U2-Pad10)")
  (net 51 "Net-(U2-Pad2)")
  (net 52 "Net-(U2-Pad1)")
  (net 53 /SCL)
  (net 54 /SDA)
  (net 55 "/I2C Water Sensor/FREQIN")
  (net 56 "Net-(C2-Pad1)")
  (net 57 "Net-(R2-Pad2)")
  (net 58 "/Sensor Front End/THR")
  (net 59 "Net-(C7-Pad1)")
  (net 60 "Net-(C8-Pad1)")

  (net_class Default "This is the default net class."
    (clearance 0.2)
    (trace_width 0.25)
    (via_dia 0.8)
    (via_drill 0.4)
    (uvia_dia 0.3)
    (uvia_drill 0.1)
    (add_net +3V3)
    (add_net "/I2C Water Sensor/FREQIN")
    (add_net "/I2C Water Sensor/MISO")
    (add_net "/I2C Water Sensor/MOSI")
    (add_net "/I2C Water Sensor/RESET")
    (add_net "/I2C Water Sensor/RXD")
    (add_net "/I2C Water Sensor/SCK")
    (add_net "/I2C Water Sensor/TXD")
    (add_net /NodeMCU/A0)
    (add_net /NodeMCU/CLK)
    (add_net /NodeMCU/CMD)
    (add_net /NodeMCU/D0)
    (add_net /NodeMCU/D3)
    (add_net /NodeMCU/D4)
    (add_net /NodeMCU/D5)
    (add_net /NodeMCU/D6)
    (add_net /NodeMCU/D7)
    (add_net /NodeMCU/D8)
    (add_net /NodeMCU/EN)
    (add_net /NodeMCU/RST)
    (add_net /NodeMCU/RX)
    (add_net /NodeMCU/SD0)
    (add_net /NodeMCU/SD1)
    (add_net /NodeMCU/SD2)
    (add_net /NodeMCU/SD3)
    (add_net /NodeMCU/TX)
    (add_net /NodeMCU/VIN)
    (add_net /SCL)
    (add_net /SDA)
    (add_net "/Sensor Front End/THR")
    (add_net GND)
    (add_net "Net-(C2-Pad1)")
    (add_net "Net-(C7-Pad1)")
    (add_net "Net-(C8-Pad1)")
    (add_net "Net-(J3-Pad13)")
    (add_net "Net-(J3-Pad14)")
    (add_net "Net-(R2-Pad2)")
    (add_net "Net-(U1-Pad1)")
    (add_net "Net-(U1-Pad2)")
    (add_net "Net-(U1-Pad3)")
    (add_net "Net-(U1-Pad4)")
    (add_net "Net-(U1-Pad5)")
    (add_net "Net-(U1-Pad6)")
    (add_net "Net-(U1-Pad7)")
    (add_net "Net-(U1-Pad8)")
    (add_net "Net-(U2-Pad1)")
    (add_net "Net-(U2-Pad10)")
    (add_net "Net-(U2-Pad11)")
    (add_net "Net-(U2-Pad12)")
    (add_net "Net-(U2-Pad13)")
    (add_net "Net-(U2-Pad14)")
    (add_net "Net-(U2-Pad19)")
    (add_net "Net-(U2-Pad2)")
    (add_net "Net-(U2-Pad20)")
    (add_net "Net-(U2-Pad22)")
    (add_net "Net-(U2-Pad23)")
    (add_net "Net-(U2-Pad24)")
    (add_net "Net-(U2-Pad25)")
    (add_net "Net-(U2-Pad26)")
    (add_net "Net-(U2-Pad32)")
  )

  (module Capacitor_SMD:C_0603_1608Metric (layer F.Cu) (tedit 5B301BBE) (tstamp 5E81EA91)
    (at 97.3915 108.956 180)
    (descr "Capacitor SMD 0603 (1608 Metric), square (rectangular) end terminal, IPC_7351 nominal, (Body size source: http://www.tortai-tech.com/upload/download/2011102023233369053.pdf), generated with kicad-footprint-generator")
    (tags capacitor)
    (path /5E788D14/5E828FAF)
    (attr smd)
    (fp_text reference C8 (at 0 -1.43) (layer F.SilkS)
      (effects (font (size 1 1) (thickness 0.15)))
    )
    (fp_text value 22p (at 0 1.43) (layer F.Fab)
      (effects (font (size 1 1) (thickness 0.15)))
    )
    (fp_text user %R (at 0 0) (layer F.Fab)
      (effects (font (size 0.4 0.4) (thickness 0.06)))
    )
    (fp_line (start 1.48 0.73) (end -1.48 0.73) (layer F.CrtYd) (width 0.05))
    (fp_line (start 1.48 -0.73) (end 1.48 0.73) (layer F.CrtYd) (width 0.05))
    (fp_line (start -1.48 -0.73) (end 1.48 -0.73) (layer F.CrtYd) (width 0.05))
    (fp_line (start -1.48 0.73) (end -1.48 -0.73) (layer F.CrtYd) (width 0.05))
    (fp_line (start -0.162779 0.51) (end 0.162779 0.51) (layer F.SilkS) (width 0.12))
    (fp_line (start -0.162779 -0.51) (end 0.162779 -0.51) (layer F.SilkS) (width 0.12))
    (fp_line (start 0.8 0.4) (end -0.8 0.4) (layer F.Fab) (width 0.1))
    (fp_line (start 0.8 -0.4) (end 0.8 0.4) (layer F.Fab) (width 0.1))
    (fp_line (start -0.8 -0.4) (end 0.8 -0.4) (layer F.Fab) (width 0.1))
    (fp_line (start -0.8 0.4) (end -0.8 -0.4) (layer F.Fab) (width 0.1))
    (pad 2 smd roundrect (at 0.7875 0 180) (size 0.875 0.95) (layers F.Cu F.Paste F.Mask) (roundrect_rratio 0.25)
      (net 1 GND))
    (pad 1 smd roundrect (at -0.7875 0 180) (size 0.875 0.95) (layers F.Cu F.Paste F.Mask) (roundrect_rratio 0.25)
      (net 60 "Net-(C8-Pad1)"))
    (model ${KISYS3DMOD}/Capacitor_SMD.3dshapes/C_0603_1608Metric.wrl
      (at (xyz 0 0 0))
      (scale (xyz 1 1 1))
      (rotate (xyz 0 0 0))
    )
  )

  (module Capacitor_SMD:C_0603_1608Metric (layer F.Cu) (tedit 5B301BBE) (tstamp 5E81F300)
    (at 95.588 97.526 90)
    (descr "Capacitor SMD 0603 (1608 Metric), square (rectangular) end terminal, IPC_7351 nominal, (Body size source: http://www.tortai-tech.com/upload/download/2011102023233369053.pdf), generated with kicad-footprint-generator")
    (tags capacitor)
    (path /5E788D14/5E828C73)
    (attr smd)
    (fp_text reference C7 (at 0 -1.43 90) (layer F.SilkS)
      (effects (font (size 1 1) (thickness 0.15)))
    )
    (fp_text value 22p (at 0 1.43 90) (layer F.Fab)
      (effects (font (size 1 1) (thickness 0.15)))
    )
    (fp_text user %R (at 0 0 90) (layer F.Fab)
      (effects (font (size 0.4 0.4) (thickness 0.06)))
    )
    (fp_line (start 1.48 0.73) (end -1.48 0.73) (layer F.CrtYd) (width 0.05))
    (fp_line (start 1.48 -0.73) (end 1.48 0.73) (layer F.CrtYd) (width 0.05))
    (fp_line (start -1.48 -0.73) (end 1.48 -0.73) (layer F.CrtYd) (width 0.05))
    (fp_line (start -1.48 0.73) (end -1.48 -0.73) (layer F.CrtYd) (width 0.05))
    (fp_line (start -0.162779 0.51) (end 0.162779 0.51) (layer F.SilkS) (width 0.12))
    (fp_line (start -0.162779 -0.51) (end 0.162779 -0.51) (layer F.SilkS) (width 0.12))
    (fp_line (start 0.8 0.4) (end -0.8 0.4) (layer F.Fab) (width 0.1))
    (fp_line (start 0.8 -0.4) (end 0.8 0.4) (layer F.Fab) (width 0.1))
    (fp_line (start -0.8 -0.4) (end 0.8 -0.4) (layer F.Fab) (width 0.1))
    (fp_line (start -0.8 0.4) (end -0.8 -0.4) (layer F.Fab) (width 0.1))
    (pad 2 smd roundrect (at 0.7875 0 90) (size 0.875 0.95) (layers F.Cu F.Paste F.Mask) (roundrect_rratio 0.25)
      (net 1 GND))
    (pad 1 smd roundrect (at -0.7875 0 90) (size 0.875 0.95) (layers F.Cu F.Paste F.Mask) (roundrect_rratio 0.25)
      (net 59 "Net-(C7-Pad1)"))
    (model ${KISYS3DMOD}/Capacitor_SMD.3dshapes/C_0603_1608Metric.wrl
      (at (xyz 0 0 0))
      (scale (xyz 1 1 1))
      (rotate (xyz 0 0 0))
    )
  )

  (module Crystal:Crystal_SMD_EuroQuartz_MQ-4Pin_7.0x5.0mm (layer F.Cu) (tedit 5A0FD1B2) (tstamp 5E81F291)
    (at 96.858 103.622 90)
    (descr "SMD Crystal EuroQuartz MQ series http://cdn-reichelt.de/documents/datenblatt/B400/MQ.pdf, 7.0x5.0mm^2 package")
    (tags "SMD SMT crystal")
    (path /5E788D14/5E81DDE3)
    (attr smd)
    (fp_text reference Y1 (at 0 -3.7 90) (layer F.SilkS)
      (effects (font (size 1 1) (thickness 0.15)))
    )
    (fp_text value 16MHz (at 0 3.7 90) (layer F.Fab)
      (effects (font (size 1 1) (thickness 0.15)))
    )
    (fp_line (start 4.5 -2.8) (end -4.5 -2.8) (layer F.CrtYd) (width 0.05))
    (fp_line (start 4.5 2.8) (end 4.5 -2.8) (layer F.CrtYd) (width 0.05))
    (fp_line (start -4.5 2.8) (end 4.5 2.8) (layer F.CrtYd) (width 0.05))
    (fp_line (start -4.5 -2.8) (end -4.5 2.8) (layer F.CrtYd) (width 0.05))
    (fp_line (start 3.7 -0.35) (end 3.7 0.35) (layer F.SilkS) (width 0.12))
    (fp_line (start -3.7 0.35) (end -3.7 -0.35) (layer F.SilkS) (width 0.12))
    (fp_line (start -4.45 0.35) (end -3.7 0.35) (layer F.SilkS) (width 0.12))
    (fp_line (start 3.7 2.7) (end 3.7 2.15) (layer F.SilkS) (width 0.12))
    (fp_line (start -3.7 2.7) (end 3.7 2.7) (layer F.SilkS) (width 0.12))
    (fp_line (start -3.7 2.15) (end -3.7 2.7) (layer F.SilkS) (width 0.12))
    (fp_line (start -4.45 2.15) (end -3.7 2.15) (layer F.SilkS) (width 0.12))
    (fp_line (start 3.7 -2.7) (end 3.7 -2.15) (layer F.SilkS) (width 0.12))
    (fp_line (start -3.7 -2.7) (end 3.7 -2.7) (layer F.SilkS) (width 0.12))
    (fp_line (start -3.7 -2.15) (end -3.7 -2.7) (layer F.SilkS) (width 0.12))
    (fp_line (start -3.5 1.5) (end -2.5 2.5) (layer F.Fab) (width 0.1))
    (fp_line (start -3.5 -2.4) (end -3.4 -2.5) (layer F.Fab) (width 0.1))
    (fp_line (start -3.5 2.4) (end -3.5 -2.4) (layer F.Fab) (width 0.1))
    (fp_line (start -3.4 2.5) (end -3.5 2.4) (layer F.Fab) (width 0.1))
    (fp_line (start 3.4 2.5) (end -3.4 2.5) (layer F.Fab) (width 0.1))
    (fp_line (start 3.5 2.4) (end 3.4 2.5) (layer F.Fab) (width 0.1))
    (fp_line (start 3.5 -2.4) (end 3.5 2.4) (layer F.Fab) (width 0.1))
    (fp_line (start 3.4 -2.5) (end 3.5 -2.4) (layer F.Fab) (width 0.1))
    (fp_line (start -3.4 -2.5) (end 3.4 -2.5) (layer F.Fab) (width 0.1))
    (fp_text user %R (at 0 0 90) (layer F.Fab)
      (effects (font (size 1 1) (thickness 0.15)))
    )
    (pad 4 smd rect (at -3.15 -1.25 90) (size 2.2 1.4) (layers F.Cu F.Paste F.Mask)
      (net 1 GND))
    (pad 3 smd rect (at 3.15 -1.25 90) (size 2.2 1.4) (layers F.Cu F.Paste F.Mask)
      (net 59 "Net-(C7-Pad1)"))
    (pad 2 smd rect (at 3.15 1.25 90) (size 2.2 1.4) (layers F.Cu F.Paste F.Mask)
      (net 1 GND))
    (pad 1 smd rect (at -3.15 1.25 90) (size 2.2 1.4) (layers F.Cu F.Paste F.Mask)
      (net 60 "Net-(C8-Pad1)"))
    (model ${KISYS3DMOD}/Crystal.3dshapes/Crystal_SMD_EuroQuartz_MQ-4Pin_7.0x5.0mm.wrl
      (at (xyz 0 0 0))
      (scale (xyz 1 1 1))
      (rotate (xyz 0 0 0))
    )
  )

  (module Connector_PinSocket_2.54mm:PinSocket_1x04_P2.54mm_Horizontal (layer F.Cu) (tedit 5A19A424) (tstamp 5E7B5B63)
    (at 99.779 65.141 270)
    (descr "Through hole angled socket strip, 1x04, 2.54mm pitch, 8.51mm socket length, single row (from Kicad 4.0.7), script generated")
    (tags "Through hole angled socket strip THT 1x04 2.54mm single row")
    (path /5E7D3D59)
    (fp_text reference J5 (at -4.38 -2.77 90) (layer F.SilkS)
      (effects (font (size 1 1) (thickness 0.15)))
    )
    (fp_text value Conn_01x04 (at -4.38 10.39 90) (layer F.Fab)
      (effects (font (size 1 1) (thickness 0.15)))
    )
    (fp_text user %R (at -5.775 3.81) (layer F.Fab)
      (effects (font (size 1 1) (thickness 0.15)))
    )
    (fp_line (start 1.75 9.45) (end 1.75 -1.75) (layer F.CrtYd) (width 0.05))
    (fp_line (start -10.55 9.45) (end 1.75 9.45) (layer F.CrtYd) (width 0.05))
    (fp_line (start -10.55 -1.75) (end -10.55 9.45) (layer F.CrtYd) (width 0.05))
    (fp_line (start 1.75 -1.75) (end -10.55 -1.75) (layer F.CrtYd) (width 0.05))
    (fp_line (start 0 -1.33) (end 1.11 -1.33) (layer F.SilkS) (width 0.12))
    (fp_line (start 1.11 -1.33) (end 1.11 0) (layer F.SilkS) (width 0.12))
    (fp_line (start -10.09 -1.33) (end -10.09 8.95) (layer F.SilkS) (width 0.12))
    (fp_line (start -10.09 8.95) (end -1.46 8.95) (layer F.SilkS) (width 0.12))
    (fp_line (start -1.46 -1.33) (end -1.46 8.95) (layer F.SilkS) (width 0.12))
    (fp_line (start -10.09 -1.33) (end -1.46 -1.33) (layer F.SilkS) (width 0.12))
    (fp_line (start -10.09 6.35) (end -1.46 6.35) (layer F.SilkS) (width 0.12))
    (fp_line (start -10.09 3.81) (end -1.46 3.81) (layer F.SilkS) (width 0.12))
    (fp_line (start -10.09 1.27) (end -1.46 1.27) (layer F.SilkS) (width 0.12))
    (fp_line (start -1.46 7.98) (end -1.05 7.98) (layer F.SilkS) (width 0.12))
    (fp_line (start -1.46 7.26) (end -1.05 7.26) (layer F.SilkS) (width 0.12))
    (fp_line (start -1.46 5.44) (end -1.05 5.44) (layer F.SilkS) (width 0.12))
    (fp_line (start -1.46 4.72) (end -1.05 4.72) (layer F.SilkS) (width 0.12))
    (fp_line (start -1.46 2.9) (end -1.05 2.9) (layer F.SilkS) (width 0.12))
    (fp_line (start -1.46 2.18) (end -1.05 2.18) (layer F.SilkS) (width 0.12))
    (fp_line (start -1.46 0.36) (end -1.11 0.36) (layer F.SilkS) (width 0.12))
    (fp_line (start -1.46 -0.36) (end -1.11 -0.36) (layer F.SilkS) (width 0.12))
    (fp_line (start -10.09 1.1519) (end -1.46 1.1519) (layer F.SilkS) (width 0.12))
    (fp_line (start -10.09 1.033805) (end -1.46 1.033805) (layer F.SilkS) (width 0.12))
    (fp_line (start -10.09 0.91571) (end -1.46 0.91571) (layer F.SilkS) (width 0.12))
    (fp_line (start -10.09 0.797615) (end -1.46 0.797615) (layer F.SilkS) (width 0.12))
    (fp_line (start -10.09 0.67952) (end -1.46 0.67952) (layer F.SilkS) (width 0.12))
    (fp_line (start -10.09 0.561425) (end -1.46 0.561425) (layer F.SilkS) (width 0.12))
    (fp_line (start -10.09 0.44333) (end -1.46 0.44333) (layer F.SilkS) (width 0.12))
    (fp_line (start -10.09 0.325235) (end -1.46 0.325235) (layer F.SilkS) (width 0.12))
    (fp_line (start -10.09 0.20714) (end -1.46 0.20714) (layer F.SilkS) (width 0.12))
    (fp_line (start -10.09 0.089045) (end -1.46 0.089045) (layer F.SilkS) (width 0.12))
    (fp_line (start -10.09 -0.02905) (end -1.46 -0.02905) (layer F.SilkS) (width 0.12))
    (fp_line (start -10.09 -0.147145) (end -1.46 -0.147145) (layer F.SilkS) (width 0.12))
    (fp_line (start -10.09 -0.26524) (end -1.46 -0.26524) (layer F.SilkS) (width 0.12))
    (fp_line (start -10.09 -0.383335) (end -1.46 -0.383335) (layer F.SilkS) (width 0.12))
    (fp_line (start -10.09 -0.50143) (end -1.46 -0.50143) (layer F.SilkS) (width 0.12))
    (fp_line (start -10.09 -0.619525) (end -1.46 -0.619525) (layer F.SilkS) (width 0.12))
    (fp_line (start -10.09 -0.73762) (end -1.46 -0.73762) (layer F.SilkS) (width 0.12))
    (fp_line (start -10.09 -0.855715) (end -1.46 -0.855715) (layer F.SilkS) (width 0.12))
    (fp_line (start -10.09 -0.97381) (end -1.46 -0.97381) (layer F.SilkS) (width 0.12))
    (fp_line (start -10.09 -1.091905) (end -1.46 -1.091905) (layer F.SilkS) (width 0.12))
    (fp_line (start -10.09 -1.21) (end -1.46 -1.21) (layer F.SilkS) (width 0.12))
    (fp_line (start 0 7.92) (end 0 7.32) (layer F.Fab) (width 0.1))
    (fp_line (start -1.52 7.92) (end 0 7.92) (layer F.Fab) (width 0.1))
    (fp_line (start 0 7.32) (end -1.52 7.32) (layer F.Fab) (width 0.1))
    (fp_line (start 0 5.38) (end 0 4.78) (layer F.Fab) (width 0.1))
    (fp_line (start -1.52 5.38) (end 0 5.38) (layer F.Fab) (width 0.1))
    (fp_line (start 0 4.78) (end -1.52 4.78) (layer F.Fab) (width 0.1))
    (fp_line (start 0 2.84) (end 0 2.24) (layer F.Fab) (width 0.1))
    (fp_line (start -1.52 2.84) (end 0 2.84) (layer F.Fab) (width 0.1))
    (fp_line (start 0 2.24) (end -1.52 2.24) (layer F.Fab) (width 0.1))
    (fp_line (start 0 0.3) (end 0 -0.3) (layer F.Fab) (width 0.1))
    (fp_line (start -1.52 0.3) (end 0 0.3) (layer F.Fab) (width 0.1))
    (fp_line (start 0 -0.3) (end -1.52 -0.3) (layer F.Fab) (width 0.1))
    (fp_line (start -10.03 8.89) (end -10.03 -1.27) (layer F.Fab) (width 0.1))
    (fp_line (start -1.52 8.89) (end -10.03 8.89) (layer F.Fab) (width 0.1))
    (fp_line (start -1.52 -0.3) (end -1.52 8.89) (layer F.Fab) (width 0.1))
    (fp_line (start -2.49 -1.27) (end -1.52 -0.3) (layer F.Fab) (width 0.1))
    (fp_line (start -10.03 -1.27) (end -2.49 -1.27) (layer F.Fab) (width 0.1))
    (pad 4 thru_hole oval (at 0 7.62 270) (size 1.7 1.7) (drill 1) (layers *.Cu *.Mask)
      (net 1 GND))
    (pad 3 thru_hole oval (at 0 5.08 270) (size 1.7 1.7) (drill 1) (layers *.Cu *.Mask)
      (net 53 /SCL))
    (pad 2 thru_hole oval (at 0 2.54 270) (size 1.7 1.7) (drill 1) (layers *.Cu *.Mask)
      (net 54 /SDA))
    (pad 1 thru_hole rect (at 0 0 270) (size 1.7 1.7) (drill 1) (layers *.Cu *.Mask)
      (net 5 +3V3))
    (model ${KISYS3DMOD}/Connector_PinSocket_2.54mm.3dshapes/PinSocket_1x04_P2.54mm_Horizontal.wrl
      (at (xyz 0 0 0))
      (scale (xyz 1 1 1))
      (rotate (xyz 0 0 0))
    )
  )

  (module Connector_PinSocket_2.54mm:PinSocket_1x04_P2.54mm_Horizontal (layer F.Cu) (tedit 5A19A424) (tstamp 5E7B5D10)
    (at 112.987 65.141 270)
    (descr "Through hole angled socket strip, 1x04, 2.54mm pitch, 8.51mm socket length, single row (from Kicad 4.0.7), script generated")
    (tags "Through hole angled socket strip THT 1x04 2.54mm single row")
    (path /5E7D1AC6)
    (fp_text reference J4 (at -4.38 -2.77 90) (layer F.SilkS)
      (effects (font (size 1 1) (thickness 0.15)))
    )
    (fp_text value Conn_01x04 (at -4.38 10.39 90) (layer F.Fab)
      (effects (font (size 1 1) (thickness 0.15)))
    )
    (fp_text user %R (at -5.775 3.81) (layer F.Fab)
      (effects (font (size 1 1) (thickness 0.15)))
    )
    (fp_line (start 1.75 9.45) (end 1.75 -1.75) (layer F.CrtYd) (width 0.05))
    (fp_line (start -10.55 9.45) (end 1.75 9.45) (layer F.CrtYd) (width 0.05))
    (fp_line (start -10.55 -1.75) (end -10.55 9.45) (layer F.CrtYd) (width 0.05))
    (fp_line (start 1.75 -1.75) (end -10.55 -1.75) (layer F.CrtYd) (width 0.05))
    (fp_line (start 0 -1.33) (end 1.11 -1.33) (layer F.SilkS) (width 0.12))
    (fp_line (start 1.11 -1.33) (end 1.11 0) (layer F.SilkS) (width 0.12))
    (fp_line (start -10.09 -1.33) (end -10.09 8.95) (layer F.SilkS) (width 0.12))
    (fp_line (start -10.09 8.95) (end -1.46 8.95) (layer F.SilkS) (width 0.12))
    (fp_line (start -1.46 -1.33) (end -1.46 8.95) (layer F.SilkS) (width 0.12))
    (fp_line (start -10.09 -1.33) (end -1.46 -1.33) (layer F.SilkS) (width 0.12))
    (fp_line (start -10.09 6.35) (end -1.46 6.35) (layer F.SilkS) (width 0.12))
    (fp_line (start -10.09 3.81) (end -1.46 3.81) (layer F.SilkS) (width 0.12))
    (fp_line (start -10.09 1.27) (end -1.46 1.27) (layer F.SilkS) (width 0.12))
    (fp_line (start -1.46 7.98) (end -1.05 7.98) (layer F.SilkS) (width 0.12))
    (fp_line (start -1.46 7.26) (end -1.05 7.26) (layer F.SilkS) (width 0.12))
    (fp_line (start -1.46 5.44) (end -1.05 5.44) (layer F.SilkS) (width 0.12))
    (fp_line (start -1.46 4.72) (end -1.05 4.72) (layer F.SilkS) (width 0.12))
    (fp_line (start -1.46 2.9) (end -1.05 2.9) (layer F.SilkS) (width 0.12))
    (fp_line (start -1.46 2.18) (end -1.05 2.18) (layer F.SilkS) (width 0.12))
    (fp_line (start -1.46 0.36) (end -1.11 0.36) (layer F.SilkS) (width 0.12))
    (fp_line (start -1.46 -0.36) (end -1.11 -0.36) (layer F.SilkS) (width 0.12))
    (fp_line (start -10.09 1.1519) (end -1.46 1.1519) (layer F.SilkS) (width 0.12))
    (fp_line (start -10.09 1.033805) (end -1.46 1.033805) (layer F.SilkS) (width 0.12))
    (fp_line (start -10.09 0.91571) (end -1.46 0.91571) (layer F.SilkS) (width 0.12))
    (fp_line (start -10.09 0.797615) (end -1.46 0.797615) (layer F.SilkS) (width 0.12))
    (fp_line (start -10.09 0.67952) (end -1.46 0.67952) (layer F.SilkS) (width 0.12))
    (fp_line (start -10.09 0.561425) (end -1.46 0.561425) (layer F.SilkS) (width 0.12))
    (fp_line (start -10.09 0.44333) (end -1.46 0.44333) (layer F.SilkS) (width 0.12))
    (fp_line (start -10.09 0.325235) (end -1.46 0.325235) (layer F.SilkS) (width 0.12))
    (fp_line (start -10.09 0.20714) (end -1.46 0.20714) (layer F.SilkS) (width 0.12))
    (fp_line (start -10.09 0.089045) (end -1.46 0.089045) (layer F.SilkS) (width 0.12))
    (fp_line (start -10.09 -0.02905) (end -1.46 -0.02905) (layer F.SilkS) (width 0.12))
    (fp_line (start -10.09 -0.147145) (end -1.46 -0.147145) (layer F.SilkS) (width 0.12))
    (fp_line (start -10.09 -0.26524) (end -1.46 -0.26524) (layer F.SilkS) (width 0.12))
    (fp_line (start -10.09 -0.383335) (end -1.46 -0.383335) (layer F.SilkS) (width 0.12))
    (fp_line (start -10.09 -0.50143) (end -1.46 -0.50143) (layer F.SilkS) (width 0.12))
    (fp_line (start -10.09 -0.619525) (end -1.46 -0.619525) (layer F.SilkS) (width 0.12))
    (fp_line (start -10.09 -0.73762) (end -1.46 -0.73762) (layer F.SilkS) (width 0.12))
    (fp_line (start -10.09 -0.855715) (end -1.46 -0.855715) (layer F.SilkS) (width 0.12))
    (fp_line (start -10.09 -0.97381) (end -1.46 -0.97381) (layer F.SilkS) (width 0.12))
    (fp_line (start -10.09 -1.091905) (end -1.46 -1.091905) (layer F.SilkS) (width 0.12))
    (fp_line (start -10.09 -1.21) (end -1.46 -1.21) (layer F.SilkS) (width 0.12))
    (fp_line (start 0 7.92) (end 0 7.32) (layer F.Fab) (width 0.1))
    (fp_line (start -1.52 7.92) (end 0 7.92) (layer F.Fab) (width 0.1))
    (fp_line (start 0 7.32) (end -1.52 7.32) (layer F.Fab) (width 0.1))
    (fp_line (start 0 5.38) (end 0 4.78) (layer F.Fab) (width 0.1))
    (fp_line (start -1.52 5.38) (end 0 5.38) (layer F.Fab) (width 0.1))
    (fp_line (start 0 4.78) (end -1.52 4.78) (layer F.Fab) (width 0.1))
    (fp_line (start 0 2.84) (end 0 2.24) (layer F.Fab) (width 0.1))
    (fp_line (start -1.52 2.84) (end 0 2.84) (layer F.Fab) (width 0.1))
    (fp_line (start 0 2.24) (end -1.52 2.24) (layer F.Fab) (width 0.1))
    (fp_line (start 0 0.3) (end 0 -0.3) (layer F.Fab) (width 0.1))
    (fp_line (start -1.52 0.3) (end 0 0.3) (layer F.Fab) (width 0.1))
    (fp_line (start 0 -0.3) (end -1.52 -0.3) (layer F.Fab) (width 0.1))
    (fp_line (start -10.03 8.89) (end -10.03 -1.27) (layer F.Fab) (width 0.1))
    (fp_line (start -1.52 8.89) (end -10.03 8.89) (layer F.Fab) (width 0.1))
    (fp_line (start -1.52 -0.3) (end -1.52 8.89) (layer F.Fab) (width 0.1))
    (fp_line (start -2.49 -1.27) (end -1.52 -0.3) (layer F.Fab) (width 0.1))
    (fp_line (start -10.03 -1.27) (end -2.49 -1.27) (layer F.Fab) (width 0.1))
    (pad 4 thru_hole oval (at 0 7.62 270) (size 1.7 1.7) (drill 1) (layers *.Cu *.Mask)
      (net 1 GND))
    (pad 3 thru_hole oval (at 0 5.08 270) (size 1.7 1.7) (drill 1) (layers *.Cu *.Mask)
      (net 53 /SCL))
    (pad 2 thru_hole oval (at 0 2.54 270) (size 1.7 1.7) (drill 1) (layers *.Cu *.Mask)
      (net 54 /SDA))
    (pad 1 thru_hole rect (at 0 0 270) (size 1.7 1.7) (drill 1) (layers *.Cu *.Mask)
      (net 5 +3V3))
    (model ${KISYS3DMOD}/Connector_PinSocket_2.54mm.3dshapes/PinSocket_1x04_P2.54mm_Horizontal.wrl
      (at (xyz 0 0 0))
      (scale (xyz 1 1 1))
      (rotate (xyz 0 0 0))
    )
  )

  (module Capacitor_SMD:C_0603_1608Metric (layer B.Cu) (tedit 5B301BBE) (tstamp 5E81EBB7)
    (at 100.736 97.837 180)
    (descr "Capacitor SMD 0603 (1608 Metric), square (rectangular) end terminal, IPC_7351 nominal, (Body size source: http://www.tortai-tech.com/upload/download/2011102023233369053.pdf), generated with kicad-footprint-generator")
    (tags capacitor)
    (path /5E788D14/5E7C76AA)
    (attr smd)
    (fp_text reference C6 (at 0 1.43) (layer B.SilkS)
      (effects (font (size 1 1) (thickness 0.15)) (justify mirror))
    )
    (fp_text value 100n (at 0 -1.43) (layer B.Fab)
      (effects (font (size 1 1) (thickness 0.15)) (justify mirror))
    )
    (fp_text user %R (at 0 0) (layer B.Fab)
      (effects (font (size 0.4 0.4) (thickness 0.06)) (justify mirror))
    )
    (fp_line (start 1.48 -0.73) (end -1.48 -0.73) (layer B.CrtYd) (width 0.05))
    (fp_line (start 1.48 0.73) (end 1.48 -0.73) (layer B.CrtYd) (width 0.05))
    (fp_line (start -1.48 0.73) (end 1.48 0.73) (layer B.CrtYd) (width 0.05))
    (fp_line (start -1.48 -0.73) (end -1.48 0.73) (layer B.CrtYd) (width 0.05))
    (fp_line (start -0.162779 -0.51) (end 0.162779 -0.51) (layer B.SilkS) (width 0.12))
    (fp_line (start -0.162779 0.51) (end 0.162779 0.51) (layer B.SilkS) (width 0.12))
    (fp_line (start 0.8 -0.4) (end -0.8 -0.4) (layer B.Fab) (width 0.1))
    (fp_line (start 0.8 0.4) (end 0.8 -0.4) (layer B.Fab) (width 0.1))
    (fp_line (start -0.8 0.4) (end 0.8 0.4) (layer B.Fab) (width 0.1))
    (fp_line (start -0.8 -0.4) (end -0.8 0.4) (layer B.Fab) (width 0.1))
    (pad 2 smd roundrect (at 0.7875 0 180) (size 0.875 0.95) (layers B.Cu B.Paste B.Mask) (roundrect_rratio 0.25)
      (net 1 GND))
    (pad 1 smd roundrect (at -0.7875 0 180) (size 0.875 0.95) (layers B.Cu B.Paste B.Mask) (roundrect_rratio 0.25)
      (net 5 +3V3))
    (model ${KISYS3DMOD}/Capacitor_SMD.3dshapes/C_0603_1608Metric.wrl
      (at (xyz 0 0 0))
      (scale (xyz 1 1 1))
      (rotate (xyz 0 0 0))
    )
  )

  (module Capacitor_SMD:C_0603_1608Metric (layer B.Cu) (tedit 5B301BBE) (tstamp 5E81EB4E)
    (at 100.736 96.237 180)
    (descr "Capacitor SMD 0603 (1608 Metric), square (rectangular) end terminal, IPC_7351 nominal, (Body size source: http://www.tortai-tech.com/upload/download/2011102023233369053.pdf), generated with kicad-footprint-generator")
    (tags capacitor)
    (path /5E788D14/5E7C6AB3)
    (attr smd)
    (fp_text reference C5 (at 0 1.43) (layer B.SilkS)
      (effects (font (size 1 1) (thickness 0.15)) (justify mirror))
    )
    (fp_text value 100n (at 0 -1.43) (layer B.Fab)
      (effects (font (size 1 1) (thickness 0.15)) (justify mirror))
    )
    (fp_text user %R (at 0 0) (layer B.Fab)
      (effects (font (size 0.4 0.4) (thickness 0.06)) (justify mirror))
    )
    (fp_line (start 1.48 -0.73) (end -1.48 -0.73) (layer B.CrtYd) (width 0.05))
    (fp_line (start 1.48 0.73) (end 1.48 -0.73) (layer B.CrtYd) (width 0.05))
    (fp_line (start -1.48 0.73) (end 1.48 0.73) (layer B.CrtYd) (width 0.05))
    (fp_line (start -1.48 -0.73) (end -1.48 0.73) (layer B.CrtYd) (width 0.05))
    (fp_line (start -0.162779 -0.51) (end 0.162779 -0.51) (layer B.SilkS) (width 0.12))
    (fp_line (start -0.162779 0.51) (end 0.162779 0.51) (layer B.SilkS) (width 0.12))
    (fp_line (start 0.8 -0.4) (end -0.8 -0.4) (layer B.Fab) (width 0.1))
    (fp_line (start 0.8 0.4) (end 0.8 -0.4) (layer B.Fab) (width 0.1))
    (fp_line (start -0.8 0.4) (end 0.8 0.4) (layer B.Fab) (width 0.1))
    (fp_line (start -0.8 -0.4) (end -0.8 0.4) (layer B.Fab) (width 0.1))
    (pad 2 smd roundrect (at 0.7875 0 180) (size 0.875 0.95) (layers B.Cu B.Paste B.Mask) (roundrect_rratio 0.25)
      (net 1 GND))
    (pad 1 smd roundrect (at -0.7875 0 180) (size 0.875 0.95) (layers B.Cu B.Paste B.Mask) (roundrect_rratio 0.25)
      (net 5 +3V3))
    (model ${KISYS3DMOD}/Capacitor_SMD.3dshapes/C_0603_1608Metric.wrl
      (at (xyz 0 0 0))
      (scale (xyz 1 1 1))
      (rotate (xyz 0 0 0))
    )
  )

  (module Capacitor_SMD:C_0603_1608Metric (layer B.Cu) (tedit 5B301BBE) (tstamp 5E81EB81)
    (at 109.304 98.669)
    (descr "Capacitor SMD 0603 (1608 Metric), square (rectangular) end terminal, IPC_7351 nominal, (Body size source: http://www.tortai-tech.com/upload/download/2011102023233369053.pdf), generated with kicad-footprint-generator")
    (tags capacitor)
    (path /5E788D14/5E7C600C)
    (attr smd)
    (fp_text reference C4 (at 0 1.43) (layer B.SilkS)
      (effects (font (size 1 1) (thickness 0.15)) (justify mirror))
    )
    (fp_text value 100n (at 0 -1.43) (layer B.Fab)
      (effects (font (size 1 1) (thickness 0.15)) (justify mirror))
    )
    (fp_text user %R (at 0 0) (layer B.Fab)
      (effects (font (size 0.4 0.4) (thickness 0.06)) (justify mirror))
    )
    (fp_line (start 1.48 -0.73) (end -1.48 -0.73) (layer B.CrtYd) (width 0.05))
    (fp_line (start 1.48 0.73) (end 1.48 -0.73) (layer B.CrtYd) (width 0.05))
    (fp_line (start -1.48 0.73) (end 1.48 0.73) (layer B.CrtYd) (width 0.05))
    (fp_line (start -1.48 -0.73) (end -1.48 0.73) (layer B.CrtYd) (width 0.05))
    (fp_line (start -0.162779 -0.51) (end 0.162779 -0.51) (layer B.SilkS) (width 0.12))
    (fp_line (start -0.162779 0.51) (end 0.162779 0.51) (layer B.SilkS) (width 0.12))
    (fp_line (start 0.8 -0.4) (end -0.8 -0.4) (layer B.Fab) (width 0.1))
    (fp_line (start 0.8 0.4) (end 0.8 -0.4) (layer B.Fab) (width 0.1))
    (fp_line (start -0.8 0.4) (end 0.8 0.4) (layer B.Fab) (width 0.1))
    (fp_line (start -0.8 -0.4) (end -0.8 0.4) (layer B.Fab) (width 0.1))
    (pad 2 smd roundrect (at 0.7875 0) (size 0.875 0.95) (layers B.Cu B.Paste B.Mask) (roundrect_rratio 0.25)
      (net 1 GND))
    (pad 1 smd roundrect (at -0.7875 0) (size 0.875 0.95) (layers B.Cu B.Paste B.Mask) (roundrect_rratio 0.25)
      (net 5 +3V3))
    (model ${KISYS3DMOD}/Capacitor_SMD.3dshapes/C_0603_1608Metric.wrl
      (at (xyz 0 0 0))
      (scale (xyz 1 1 1))
      (rotate (xyz 0 0 0))
    )
  )

  (module Resistor_SMD:R_0603_1608Metric (layer F.Cu) (tedit 5B301BBD) (tstamp 5E7B5AFD)
    (at 93.472 113.03 180)
    (descr "Resistor SMD 0603 (1608 Metric), square (rectangular) end terminal, IPC_7351 nominal, (Body size source: http://www.tortai-tech.com/upload/download/2011102023233369053.pdf), generated with kicad-footprint-generator")
    (tags resistor)
    (path /5E78737A/5E7B924A)
    (attr smd)
    (fp_text reference R5 (at 0 -1.43) (layer F.SilkS)
      (effects (font (size 1 1) (thickness 0.15)))
    )
    (fp_text value 10k (at 0 1.43) (layer F.Fab)
      (effects (font (size 1 1) (thickness 0.15)))
    )
    (fp_text user %R (at 0 0) (layer F.Fab)
      (effects (font (size 0.4 0.4) (thickness 0.06)))
    )
    (fp_line (start 1.48 0.73) (end -1.48 0.73) (layer F.CrtYd) (width 0.05))
    (fp_line (start 1.48 -0.73) (end 1.48 0.73) (layer F.CrtYd) (width 0.05))
    (fp_line (start -1.48 -0.73) (end 1.48 -0.73) (layer F.CrtYd) (width 0.05))
    (fp_line (start -1.48 0.73) (end -1.48 -0.73) (layer F.CrtYd) (width 0.05))
    (fp_line (start -0.162779 0.51) (end 0.162779 0.51) (layer F.SilkS) (width 0.12))
    (fp_line (start -0.162779 -0.51) (end 0.162779 -0.51) (layer F.SilkS) (width 0.12))
    (fp_line (start 0.8 0.4) (end -0.8 0.4) (layer F.Fab) (width 0.1))
    (fp_line (start 0.8 -0.4) (end 0.8 0.4) (layer F.Fab) (width 0.1))
    (fp_line (start -0.8 -0.4) (end 0.8 -0.4) (layer F.Fab) (width 0.1))
    (fp_line (start -0.8 0.4) (end -0.8 -0.4) (layer F.Fab) (width 0.1))
    (pad 2 smd roundrect (at 0.7875 0 180) (size 0.875 0.95) (layers F.Cu F.Paste F.Mask) (roundrect_rratio 0.25)
      (net 54 /SDA))
    (pad 1 smd roundrect (at -0.7875 0 180) (size 0.875 0.95) (layers F.Cu F.Paste F.Mask) (roundrect_rratio 0.25)
      (net 5 +3V3))
    (model ${KISYS3DMOD}/Resistor_SMD.3dshapes/R_0603_1608Metric.wrl
      (at (xyz 0 0 0))
      (scale (xyz 1 1 1))
      (rotate (xyz 0 0 0))
    )
  )

  (module Resistor_SMD:R_0603_1608Metric (layer F.Cu) (tedit 5B301BBD) (tstamp 5E7B5ACD)
    (at 93.472 110.49 180)
    (descr "Resistor SMD 0603 (1608 Metric), square (rectangular) end terminal, IPC_7351 nominal, (Body size source: http://www.tortai-tech.com/upload/download/2011102023233369053.pdf), generated with kicad-footprint-generator")
    (tags resistor)
    (path /5E78737A/5E7B57C0)
    (attr smd)
    (fp_text reference R4 (at 0 -1.43) (layer F.SilkS)
      (effects (font (size 1 1) (thickness 0.15)))
    )
    (fp_text value 10k (at 0 1.43) (layer F.Fab)
      (effects (font (size 1 1) (thickness 0.15)))
    )
    (fp_text user %R (at 0 0) (layer F.Fab)
      (effects (font (size 0.4 0.4) (thickness 0.06)))
    )
    (fp_line (start 1.48 0.73) (end -1.48 0.73) (layer F.CrtYd) (width 0.05))
    (fp_line (start 1.48 -0.73) (end 1.48 0.73) (layer F.CrtYd) (width 0.05))
    (fp_line (start -1.48 -0.73) (end 1.48 -0.73) (layer F.CrtYd) (width 0.05))
    (fp_line (start -1.48 0.73) (end -1.48 -0.73) (layer F.CrtYd) (width 0.05))
    (fp_line (start -0.162779 0.51) (end 0.162779 0.51) (layer F.SilkS) (width 0.12))
    (fp_line (start -0.162779 -0.51) (end 0.162779 -0.51) (layer F.SilkS) (width 0.12))
    (fp_line (start 0.8 0.4) (end -0.8 0.4) (layer F.Fab) (width 0.1))
    (fp_line (start 0.8 -0.4) (end 0.8 0.4) (layer F.Fab) (width 0.1))
    (fp_line (start -0.8 -0.4) (end 0.8 -0.4) (layer F.Fab) (width 0.1))
    (fp_line (start -0.8 0.4) (end -0.8 -0.4) (layer F.Fab) (width 0.1))
    (pad 2 smd roundrect (at 0.7875 0 180) (size 0.875 0.95) (layers F.Cu F.Paste F.Mask) (roundrect_rratio 0.25)
      (net 53 /SCL))
    (pad 1 smd roundrect (at -0.7875 0 180) (size 0.875 0.95) (layers F.Cu F.Paste F.Mask) (roundrect_rratio 0.25)
      (net 5 +3V3))
    (model ${KISYS3DMOD}/Resistor_SMD.3dshapes/R_0603_1608Metric.wrl
      (at (xyz 0 0 0))
      (scale (xyz 1 1 1))
      (rotate (xyz 0 0 0))
    )
  )

  (module MountingHole:MountingHole_4.3mm_M4_Pad_Via (layer F.Cu) (tedit 56DDBFD7) (tstamp 5E82FCEC)
    (at 91.27 135.034 180)
    (descr "Mounting Hole 4.3mm, M4")
    (tags "mounting hole 4.3mm m4")
    (path /5E78E950/5E7B1E5A)
    (attr virtual)
    (fp_text reference H2 (at 0 -5.3) (layer F.SilkS)
      (effects (font (size 1 1) (thickness 0.15)))
    )
    (fp_text value MountingHole_Pad (at 0 5.3) (layer F.Fab)
      (effects (font (size 1 1) (thickness 0.15)))
    )
    (fp_text user %R (at 0.3 0) (layer F.Fab)
      (effects (font (size 1 1) (thickness 0.15)))
    )
    (fp_circle (center 0 0) (end 4.3 0) (layer Cmts.User) (width 0.15))
    (fp_circle (center 0 0) (end 4.55 0) (layer F.CrtYd) (width 0.05))
    (pad 1 thru_hole circle (at 0 0 180) (size 8.6 8.6) (drill 4.3) (layers *.Cu *.Mask)
      (net 1 GND))
    (pad 1 thru_hole circle (at 3.225 0 180) (size 0.9 0.9) (drill 0.6) (layers *.Cu *.Mask)
      (net 1 GND))
    (pad 1 thru_hole circle (at 2.280419 2.280419 180) (size 0.9 0.9) (drill 0.6) (layers *.Cu *.Mask)
      (net 1 GND))
    (pad 1 thru_hole circle (at 0 3.225 180) (size 0.9 0.9) (drill 0.6) (layers *.Cu *.Mask)
      (net 1 GND))
    (pad 1 thru_hole circle (at -2.280419 2.280419 180) (size 0.9 0.9) (drill 0.6) (layers *.Cu *.Mask)
      (net 1 GND))
    (pad 1 thru_hole circle (at -3.225 0 180) (size 0.9 0.9) (drill 0.6) (layers *.Cu *.Mask)
      (net 1 GND))
    (pad 1 thru_hole circle (at -2.280419 -2.280419 180) (size 0.9 0.9) (drill 0.6) (layers *.Cu *.Mask)
      (net 1 GND))
    (pad 1 thru_hole circle (at 0 -3.225 180) (size 0.9 0.9) (drill 0.6) (layers *.Cu *.Mask)
      (net 1 GND))
    (pad 1 thru_hole circle (at 2.280419 -2.280419 180) (size 0.9 0.9) (drill 0.6) (layers *.Cu *.Mask)
      (net 1 GND))
  )

  (module MountingHole:MountingHole_4.3mm_M4_Pad_Via (layer F.Cu) (tedit 56DDBFD7) (tstamp 5E82FC86)
    (at 101.42 135.034 180)
    (descr "Mounting Hole 4.3mm, M4")
    (tags "mounting hole 4.3mm m4")
    (path /5E78E950/5E7B13BD)
    (attr virtual)
    (fp_text reference H1 (at 0 -5.3) (layer F.SilkS)
      (effects (font (size 1 1) (thickness 0.15)))
    )
    (fp_text value MountingHole_Pad (at 0 5.3) (layer F.Fab)
      (effects (font (size 1 1) (thickness 0.15)))
    )
    (fp_text user %R (at 0.3 0) (layer F.Fab)
      (effects (font (size 1 1) (thickness 0.15)))
    )
    (fp_circle (center 0 0) (end 4.3 0) (layer Cmts.User) (width 0.15))
    (fp_circle (center 0 0) (end 4.55 0) (layer F.CrtYd) (width 0.05))
    (pad 1 thru_hole circle (at 0 0 180) (size 8.6 8.6) (drill 4.3) (layers *.Cu *.Mask)
      (net 58 "/Sensor Front End/THR"))
    (pad 1 thru_hole circle (at 3.225 0 180) (size 0.9 0.9) (drill 0.6) (layers *.Cu *.Mask)
      (net 58 "/Sensor Front End/THR"))
    (pad 1 thru_hole circle (at 2.280419 2.280419 180) (size 0.9 0.9) (drill 0.6) (layers *.Cu *.Mask)
      (net 58 "/Sensor Front End/THR"))
    (pad 1 thru_hole circle (at 0 3.225 180) (size 0.9 0.9) (drill 0.6) (layers *.Cu *.Mask)
      (net 58 "/Sensor Front End/THR"))
    (pad 1 thru_hole circle (at -2.280419 2.280419 180) (size 0.9 0.9) (drill 0.6) (layers *.Cu *.Mask)
      (net 58 "/Sensor Front End/THR"))
    (pad 1 thru_hole circle (at -3.225 0 180) (size 0.9 0.9) (drill 0.6) (layers *.Cu *.Mask)
      (net 58 "/Sensor Front End/THR"))
    (pad 1 thru_hole circle (at -2.280419 -2.280419 180) (size 0.9 0.9) (drill 0.6) (layers *.Cu *.Mask)
      (net 58 "/Sensor Front End/THR"))
    (pad 1 thru_hole circle (at 0 -3.225 180) (size 0.9 0.9) (drill 0.6) (layers *.Cu *.Mask)
      (net 58 "/Sensor Front End/THR"))
    (pad 1 thru_hole circle (at 2.280419 -2.280419 180) (size 0.9 0.9) (drill 0.6) (layers *.Cu *.Mask)
      (net 58 "/Sensor Front End/THR"))
  )

  (module Resistor_SMD:R_0603_1608Metric (layer F.Cu) (tedit 5B301BBD) (tstamp 5E82FD4A)
    (at 98.89 128.26 180)
    (descr "Resistor SMD 0603 (1608 Metric), square (rectangular) end terminal, IPC_7351 nominal, (Body size source: http://www.tortai-tech.com/upload/download/2011102023233369053.pdf), generated with kicad-footprint-generator")
    (tags resistor)
    (path /5E78E950/5E7A06E7)
    (attr smd)
    (fp_text reference R3 (at 0 -1.43) (layer F.SilkS)
      (effects (font (size 1 1) (thickness 0.15)))
    )
    (fp_text value 680k (at 0 1.43) (layer F.Fab)
      (effects (font (size 1 1) (thickness 0.15)))
    )
    (fp_line (start -0.8 0.4) (end -0.8 -0.4) (layer F.Fab) (width 0.1))
    (fp_line (start -0.8 -0.4) (end 0.8 -0.4) (layer F.Fab) (width 0.1))
    (fp_line (start 0.8 -0.4) (end 0.8 0.4) (layer F.Fab) (width 0.1))
    (fp_line (start 0.8 0.4) (end -0.8 0.4) (layer F.Fab) (width 0.1))
    (fp_line (start -0.162779 -0.51) (end 0.162779 -0.51) (layer F.SilkS) (width 0.12))
    (fp_line (start -0.162779 0.51) (end 0.162779 0.51) (layer F.SilkS) (width 0.12))
    (fp_line (start -1.48 0.73) (end -1.48 -0.73) (layer F.CrtYd) (width 0.05))
    (fp_line (start -1.48 -0.73) (end 1.48 -0.73) (layer F.CrtYd) (width 0.05))
    (fp_line (start 1.48 -0.73) (end 1.48 0.73) (layer F.CrtYd) (width 0.05))
    (fp_line (start 1.48 0.73) (end -1.48 0.73) (layer F.CrtYd) (width 0.05))
    (fp_text user %R (at 0 0) (layer F.Fab)
      (effects (font (size 0.4 0.4) (thickness 0.06)))
    )
    (pad 1 smd roundrect (at -0.7875 0 180) (size 0.875 0.95) (layers F.Cu F.Paste F.Mask) (roundrect_rratio 0.25)
